SPEAKER         id       #SENT      #WORD       Corr        Sub        Ins        Del        Err      S.Err
050             raw         42        668          5         41          0        622        663         42
050             sys         42        668       0.75       6.14       0.00      93.11      99.25     100.00
051             raw         41        668         39        113          1        516        630         41
051             sys         41        668       5.84      16.92       0.15      77.25      94.31     100.00
052             raw         42        728        100        119          1        509        629         42
052             sys         42        728      13.74      16.35       0.14      69.92      86.40     100.00
053             raw         41        695         40         91          0        564        655         41
053             sys         41        695       5.76      13.09       0.00      81.15      94.24     100.00
22g             raw         40        653         16         81          0        556        637         40
22g             sys         40        653       2.45      12.40       0.00      85.15      97.55     100.00
22h             raw         40        652        194         71          4        387        462         40
22h             sys         40        652      29.75      10.89       0.61      59.36      70.86     100.00
420             raw         40        691        143         76          7        472        555         39
420             sys         40        691      20.69      11.00       1.01      68.31      80.32      97.50
421             raw         40        658         71        115          0        472        587         40
421             sys         40        658      10.79      17.48       0.00      71.73      89.21     100.00
422             raw         42        703        101        135          2        467        604         42
422             sys         42        703      14.37      19.20       0.28      66.43      85.92     100.00
423             raw         42        663        172        119          2        372        493         39
423             sys         42        663      25.94      17.95       0.30      56.11      74.36      92.86
SUM             raw        410       6779        881        961         17       4937       5915        406
SUM             sys        410       6779      13.00      14.18       0.25      72.83      87.25      99.02
