SPEAKER         id       #SENT      #WORD       Corr        Sub        Ins        Del        Err      S.Err
050             raw         42        668        651         16          1          1         18         10
050             sys         42        668      97.46       2.40       0.15       0.15       2.69      23.81
051             raw         41        668        633         26          5          9         40         21
051             sys         41        668      94.76       3.89       0.75       1.35       5.99      51.22
052             raw         42        728        677         37          4         14         55         23
052             sys         42        728      92.99       5.08       0.55       1.92       7.55      54.76
053             raw         41        695        654         34          7          7         48         18
053             sys         41        695      94.10       4.89       1.01       1.01       6.91      43.90
22g             raw         40        653        627         20          3          6         29         16
22g             sys         40        653      96.02       3.06       0.46       0.92       4.44      40.00
22h             raw         40        652        631         15          0          6         21         11
22h             sys         40        652      96.78       2.30       0.00       0.92       3.22      27.50
420             raw         40        691        662         23          2          6         31         17
420             sys         40        691      95.80       3.33       0.29       0.87       4.49      42.50
421             raw         40        658        639         16          4          3         23         12
421             sys         40        658      97.11       2.43       0.61       0.46       3.50      30.00
422             raw         42        703        611         62          1         30         93         31
422             sys         42        703      86.91       8.82       0.14       4.27      13.23      73.81
423             raw         42        663        626         29          2          8         39         19
423             sys         42        663      94.42       4.37       0.30       1.21       5.88      45.24
SUM             raw        410       6779       6411        278         29         90        397        178
SUM             sys        410       6779      94.57       4.10       0.43       1.33       5.86      43.41
